0.0000000000000000      21296.5464836968000000  0.0000000000012455      21296.5464836968000000          1.0000000000000000
0.0099999997764826      19338.5912301796000000  0.0298525758555739      19338.6210827555000000          0.9999984563234490
0.0199999995529652      14827.4630833869000000  0.3648542948711230      14827.8279376818000000          0.9999753939487000
0.0299999993294477      10133.5170605490000000  1.2546437611287600      10134.7717043102000000          0.9998762040430900
0.0399999991059303      6519.5989072273500000   2.5299214688266400      6522.1288286961800000           0.9996121018864730
0.0499999988824129      4105.8441503772700000   3.8495915730703000      4109.6937419503400000           0.9990632899153110
0.0599999986588955      2589.3532052706500000   4.9732029391656600      2594.3264082098200000           0.9980830465575060
0.0699999984353781      1654.0049884469500000   5.8052608430518300      1659.8102492900000000           0.9965024551176660
0.0799999982118607      1075.2131270144200000   6.3428134486309200      1081.5559404630600000           0.9941354735235200
0.0899999979883432      712.1650487947580000    6.6243126992406300      718.7893614939990000            0.9907840696397170
0.0999999977648258      480.3428695892470000    6.7001518162322800      487.0430214054790000            0.9862432033275070
0.1099999975413080      329.4746696955960000    6.6191952403375400      336.0938649359330000            0.9803055160152990
0.1199999973177910      229.4474405712550000    6.4237929636445900      235.8712335348990000            0.9727656786825020
0.1299999970942740      161.9598428568200000    6.1486633846322600      168.1085062414520000            0.9634244362637980
0.1399999968707560      115.6906693271250000    5.8213417751291600      121.5120111022540000            0.9520924580021130
0.1499999966472390      83.5048331448227000     5.4631549951820100      88.9679881400047000             0.9385941493182370
0.1599999964237210      60.8218065637829000     5.0902857606206800      65.9120923244035000             0.9227715949970540
0.1699999962002040      44.6486414061951000     4.7147583676961900      49.3633997738913000             0.9044887834044630
0.1799999959766870      32.9970128661886000     4.3452922163844900      37.3423050825731000             0.8836362081350900
0.1899999957531690      24.5254837334179000     3.9880160960117500      28.5134998294296000             0.8601358612633180
0.1999999955296520      18.3160755556389000     3.6470538899541900      21.9631294455931000             0.8339465284767980
0.2099999953061340      13.7323253266081000     3.3249980105208500      17.0573233371289000             0.8050691808554020
0.2199999950826170      10.3276342801875000     3.0232876518083900      13.3509219319959000             0.7735521436491220
0.2299999948590990      7.7851764836723900      2.7425078317907400      10.5276843154631000             0.7394956241457100
0.2399999946355820      5.8779294740020000      2.4826234171622400      8.3605528911642300              0.7030551149570540
0.2499999944120650      4.4417293317403300      2.2431603949506100      6.6848897266909300              0.6644431715912570
0.2599999941885470      3.3568769271084000      2.0233447873821300      5.3802217144905300              0.6239291065026810
0.2699999939650300      2.5354340601155700      1.8222078916321300      4.3576419517477000              0.5818362518514620
0.2799999937415120      1.9123534734666800      1.6386650004251000      3.5510184738917800              0.5385366163332890
0.2899999935179950      1.4392227440333700      1.4715734329319300      2.9107961769653000              0.4944429827903150
0.2999999932944770      1.0798100511496000      1.3197745734843100      2.3995846246339200              0.4499987373082690
0.3099999930709600      0.8068649741668220      1.1821236652754200      1.9889886394422400              0.4056659541268600
0.3199999928474430      0.5998019383387530      1.0575103196944600      1.6573122580332100              0.3619124491666760
0.3299999926239250      0.4430100736234510      0.9448720593428220      1.3878821329662700              0.3191986286880300
0.3399999924004080      0.3246114301286060      0.8432026938398600      1.1678141239684700              0.2779649804418450
0.3499999921768900      0.2355426698231700      0.7515569128659170      0.9870995826890870              0.2386209800448880
0.3599999919533730      0.1688718822229130      0.6690521527589880      0.8379240349819010              0.2015360285333750
0.3699999917298550      0.1192874994072240      0.5948685356563950      0.7141560350636190              0.1670328241314900
0.3799999915063380      0.0827140031716095      0.5282474800819190      0.6109614832535280              0.1353833350199690
0.3899999912828210      0.0560216151523384      0.4684894275521430      0.5245110427044810              0.1068073130805410
0.3999999910593030      0.0368060471394578      0.4149510116861070      0.4517570588255650              0.0814730980300400
0.4099999908357860      0.0232207548547067      0.3670419066514090      0.3902626615061160              0.0595003241280944
0.4199999906122680      0.0138487316077480      0.3242215242630500      0.3380702558707980              0.0409640640288705
0.4299999903887510      0.0076042146581596      0.2859956786270450      0.2935998932852050              0.0258999230996750
0.4399999901652340      0.0036571162101879      0.2519132998956520      0.2555704161058400              0.0143096226312569
0.4499999899417160      0.0013747849251248      0.2215632513394950      0.2229380362646190              0.0061666683180658
0.4599999897181990      0.0002770308889586      0.1945712841013330      0.1948483149902920              0.0014217771858707
0.4699999894946810      0.0000013339857753      0.1705971497885840      0.1705984837743590              0.0000078194468424
0.4799999892711640      0.0002758935078347      0.1493318810379500      0.1496077745457850              0.0018441121036143
0.4899999890476460      0.0008987311420280      0.1304952432417670      0.1313939743837950              0.0068399722760715
0.4999999888241290      0.0017214777818002      0.1138333559271920      0.1155548337089920              0.0148974969418893
