0.0000000000000000      21252.0408061603000000  0.0000000000009469      21252.0408061603000000          1.0000000000000000
0.0099999997764826      19297.6562347423000000  0.0301750949194264      19297.6864098372000000          0.9999984363361360
0.0199999995529652      14794.8594297729000000  0.3689392855348510      14795.2283690585000000          0.9999750636302190
0.0299999993294477      10109.8050760852000000  1.2695056575969400      10111.0745817428000000          0.9998744440417940
0.0399999991059303      6502.9990048679900000   2.5621729448714900      6505.5611778128600000           0.9996061565059740
0.0499999988824129      4094.2422778513000000   3.9030928335672600      4098.1453706848700000           0.9990475953192170
0.0599999986588955      2581.0967973160600000   5.0492333651648700      2586.1460306812200000           0.9980475838157410
0.0699999984353781      1647.9739742857000000   5.9034291224873600      1653.8774034081900000           0.9964305521616510
0.0799999982118607      1070.6849829732800000   6.4617779000016000      1077.1467608732800000           0.9940010236908100
0.0899999979883432      708.6774103113830000    6.7622025224067800      715.4396128337900000            0.9905481854777060
0.0999999977648258      477.5963497879340000    6.8547992765944800      484.4511490645290000            0.9858503808075770
0.1099999975413080      327.2712507013450000    6.7882751782562400      334.0595258796010000            0.9796794443733280
0.1199999973177910      227.6527692934250000    6.6049205819524400      234.2576898753770000            0.9718048932119760
0.1299999970942740      160.4802678321350000    6.3394712932060800      166.8197391253410000            0.9619980745297610
0.1399999968707560      114.4591283259840000    6.0195429142856600      120.4786712402700000            0.9500364433611550
0.1499999966472390      82.4720442379512000     5.6665926689718600      88.1386369069231000             0.9357081880565500
0.1599999964237210      59.9506667899886000     5.2969707798329100      65.2476375698215000             0.9188174319083260
0.1699999962002040      43.9105937792586000     4.9228936443385800      48.8334874235971000             0.8991902093406570
0.1799999959766870      32.3696415742492000     4.5532858571945600      36.9229274314437000             0.8766813420834850
0.1899999957531690      23.9908891459697000     4.1944846242491300      28.1853737702188000             0.8511822245663790
0.1999999955296520      17.8597530666589000     3.8508175411948300      21.7105706078538000             0.8226293720809960
0.2099999953061340      13.3423754199633000     3.5250701098932700      16.8674455298565000             0.7910133989374030
0.2199999950826170      9.9941941384518200      3.2188599519821900      13.2130540904340000             0.7563878926135200
0.2299999948590990      7.5000023870975200      2.9329334465005000      10.4329358335980000             0.7188774575747580
0.2399999946355820      5.6340836764166000      2.6673986867802000      8.3014823631968000              0.6786840506214100
0.2499999944120650      4.2333406630005000      2.4219067145152900      6.6552473775158000              0.6360906549172750
0.2599999941885470      3.1789544125535900      2.1957911431139200      5.3747455556675100              0.5914613779626230
0.2699999939650300      2.3837194053657300      1.9881746055278500      4.3718940108935800              0.5452372357212100
0.2799999937415120      1.7832025959549400      1.7980489804775200      3.5812515764324600              0.4979272072618020
0.2899999935179950      1.3295094282088500      1.6243350688664000      2.9538444970752500              0.4500945901266180
0.2999999932944770      0.9868467613686520      1.4659263008236500      2.4527730621923000              0.4023392039729120
0.3099999930709600      0.7283371979266490      1.3217201383179300      2.0500573362445800              0.3552765013201350
0.3199999928474430      0.5337133599864290      1.1906400802939400      1.7243534402803700              0.3095150608448640
0.3299999926239250      0.3876365304698920      1.0716505570793600      1.4592870875492500              0.2656341810855700
0.3399999924004080      0.2784620682335290      0.9637664987590040      1.2422285669925300              0.2241633107083450
0.3499999921768900      0.1973270547564270      0.8660589597541280      1.0633860145105600              0.1855648391682580
0.3599999919533730      0.1374720703205600      0.7776578620883360      0.9151299324088960              0.1502213679741550
0.3699999917298550      0.0937342639138543      0.6977526678533330      0.7914869317671870              0.1184280626144640
0.3799999915063380      0.0621665550736084      0.6255915943513090      0.6877581494249170              0.0903901395070203
0.3899999912828210      0.0397502726092753      0.5604798324192840      0.6002301050285590              0.0662250564846027
0.3999999910593030      0.0241773985342528      0.5017771104989220      0.5259545090331740              0.0459686115795384
0.4099999908357860      0.0136849343634122      0.4488948566941780      0.4625797910575900              0.0295839434146583
0.4199999906122680      0.0069284868684293      0.4012931423544920      0.4082216292229220              0.0169723659219581
0.4299999903887510      0.0028854964641474      0.3584775388170040      0.3613630352811520              0.0079850349438822
0.4399999901652340      0.0007809622465594      0.3199959800090380      0.3207769422555970              0.0024345959565172
0.4499999899417160      0.0000303049517195      0.2854356946326630      0.2854659995843820              0.0001061595838510
0.4599999897181990      0.0001953306212790      0.2544202502628420      0.2546155808841210              0.0007671589484065
0.4699999894946810      0.0009502401508377      0.2266067360512600      0.2275569762020970              0.0041758339678136
0.4799999892711640      0.0020553638853541      0.2016830994189240      0.2037384633042780              0.0100882467258254
0.4899999890476460      0.0033368514380302      0.1793656440507960      0.1827024954888260              0.0182638525494815
0.4999999888241290      0.0046709624169979      0.1593966908418860      0.1640676532588840              0.0284697338214955
