0.0000000000000000      21189.5008940557000000  0.0000000000003599      21189.5008940557000000          1.0000000000000000
0.0099999997764826      19240.2788807556000000  0.0305349827056771      19240.3094157383000000          0.9999984129682090
0.0199999995529652      14749.5052925401000000  0.3734549393463000      14749.8787474794000000          0.9999746808129240
0.0299999993294477      10077.2344337761000000  1.2856962829494300      10078.5201300591000000          0.9998724320370090
0.0399999991059303      6480.5943275605700000   2.5966760325412000      6483.1910035931100000           0.9995994756237940
0.0499999988824129      4078.9250816158100000   3.9591906033192100      4082.8842722191300000           0.9990302956588170
0.0599999986588955      2570.4747120379100000   5.1273224591433400      2575.6020344970600000           0.9980092722437430
0.0699999984353781      1640.4345539377000000   6.0022358126759900      1646.4367897503800000           0.9963544085931250
0.0799999982118607      1065.1943304907200000   6.5792472441596000      1071.7735777348800000           0.9938613459215290
0.0899999979883432      704.5784032258810000    6.8959768299769800      711.4743800558580000            0.9903074839751280
0.0999999977648258      474.4668982853100000    7.0024463295783200      481.4693446148890000            0.9854560910099500
0.1099999975413080      324.8348845023950000    6.9473969434355900      331.7822814458310000            0.9790603738296080
0.1199999973177910      225.7241359889480000    6.7732116045813600      232.4973475935300000            0.9708675747285390
0.1299999970942740      158.9320452028550000    6.5147564728801200      165.4468016757350000            0.9606232552887390
0.1399999968707560      113.2017372400770000    6.1998051538121700      119.4015423938890000            0.9480760044676820
0.1499999966472390      81.4410041324485000     5.8499931096642700      87.2909972421128000             0.9329828585479600
0.1599999964237210      59.0985612334679000     5.4818619163558500      64.5804231498237000             0.9151157324621710
0.1699999962002040      43.2018608208592000     5.1078253502743800      48.3096861711336000             0.8942691258191930
0.1799999959766870      31.7771264782869000     4.7370047593336000      36.5141312376204000             0.8702692738735340
0.1899999957531690      23.4935175825390000     4.3759277196177200      27.8694453021567000             0.8429847572431210
0.1999999955296520      17.4409301556559000     4.0291012462489100      21.4700314019049000             0.8123383626774090
0.2099999953061340      12.9888637010224000     3.6994760353567400      16.6883397363792000             0.7783197074246880
0.2199999950826170      9.6953131904504700      3.3888186467244900      13.0841318371750000             0.7409978217204990
0.2299999948590990      7.2470481846308800      3.0980072037445900      10.3450553883755000             0.7005325648400340
0.2399999946355820      5.4199005436058600      2.8272643052266200      8.2471648488324700              0.6571834858343030
0.2499999944120650      4.0520008862930500      2.5763388930859800      6.6283397793790300              0.6113146008143620
0.2599999941885470      3.0255149733422200      2.3446469857014100      5.3701619590436300              0.5633936176258320
0.2699999939650300      2.2540347730514700      2.1313795354359700      4.3854143084874400              0.5139844526636990
0.2799999937415120      1.6737788528051400      1.9355842192747500      3.6093630720798900              0.4637324700727950
0.2899999935179950      1.2373892830564100      1.7562267219288200      2.9936160049852200              0.4133426869029960
0.2999999932944770      0.9095179486226490      1.5922360094919900      2.5017539581146400              0.3635521173745140
0.3099999930709600      0.6636588000200130      1.4425372022475500      2.1061960022675600              0.3150983096091290
0.3199999928474430      0.4798560269730610      1.3060749185541800      1.7859309455272400              0.2686867754740650
0.3299999926239250      0.3430335921024820      1.1818293582387600      1.5248629503412500              0.2249602772666980
0.3399999924004080      0.2417692695063400      1.0688269043868000      1.3105961738931400              0.1844727417356650
0.3499999921768900      0.1673891818293620      0.9661466288929980      1.1335358107223600              0.1476699547080840
0.3599999919533730      0.1132951286777970      0.8729237733748470      0.9862189020526440              0.1148782774716580
0.3699999917298550      0.0744621649467889      0.7883510287674870      0.8628131937142760              0.0863016067548074
0.3799999915063380      0.0470614890721441      0.7116782418049580      0.7587397308771020              0.0620258662581714
0.3899999912828210      0.0281761150750288      0.6422110242528870      0.6703871393279160              0.0420296175479682
0.3999999910593030      0.0155856267247083      0.5793086225390340      0.5948942492637420              0.0261989870367675
0.4099999908357860      0.0076026319940494      0.5223813142258050      0.5299839462198550              0.0143450231809391
0.4199999906122680      0.0029480941244497      0.4708875278130920      0.4738356219375420              0.0062217654983279
0.4299999903887510      0.0006560251388320      0.4243308290101410      0.4249868541489730              0.0015436363088117
0.4399999901652340      0.0000004457805566      0.3822568761708560      0.3822573219514120              0.0000011661792488
0.4499999899417160      0.0004392932584411      0.3442504171180830      0.3446897103765240              0.0012744600294603
0.4599999897181990      0.0015712719960337      0.3099323767849160      0.3115036487809490              0.0050441527801768
0.4699999894946810      0.0031026189037347      0.2789570681733890      0.2820596870771240              0.0109998665030297
0.4799999892711640      0.0048214838570667      0.2510095466723030      0.2558310305293700              0.0188463606118853
0.4899999890476460      0.0065781732168254      0.2258031187026060      0.2323812919194310              0.0283076712522373
0.4999999888241290      0.0082699166266784      0.2030770091362540      0.2113469257629330              0.0391295808861431
