0.0000000000000000      21253.8230579569000000  0.0000000000000000      21253.8230579569000000          1.0000000000000000
0.0099999997764826      19298.1907185294000000  0.0295255655254645      19298.2202440949000000          0.9999984700368670
0.0199999995529652      14792.6288000155000000  0.3612383967604000      14792.9900384123000000          0.9999755804339850
0.0299999993294477      10105.0075614688000000  1.2443300486955100      10106.2518915175000000          0.9998768752192150
0.0399999991059303      6496.6965080705400000   2.5149535354233300      6499.2114616059600000           0.9996130371276150
0.0499999988824129      4087.4482473477100000   3.8378938306993600      4091.2861411784100000           0.9990619346341800
0.0599999986588955      2574.4620115822200000   4.9750437507505600      2579.4370553329700000           0.9980712676277700
0.0699999984353781      1641.8274856020500000   5.8300332103478400      1647.6575188124000000           0.9964616231566420
0.0799999982118607      1065.1531468218200000   6.3974334096126800      1071.5505802314400000           0.9940297420134490
0.0899999979883432      703.7780946149310000    6.7128499937920400      710.4909446087230000            0.9905518148475650
0.0999999977648258      473.2959417520690000    6.8241024303923100      480.1200441824610000            0.9857866745763300
0.1099999975413080      323.5152917923210000    6.7780053252742800      330.2932971175950000            0.9794788287124680
0.1199999973177910      224.3812712793510000    6.6154275204405900      230.9966987997920000            0.9713613763538040
0.1299999970942740      157.6348740786340000    6.3701225505458900      164.0049966291800000            0.9611589727052700
0.1399999968707560      111.9861389715270000    6.0690857689627000      118.0552247404890000            0.9485911294285940
0.1499999966472390      80.3234186040716000     5.7334290454234400      86.0568476494951000             0.9333762599720660
0.1599999964237210      58.0840769005026000     5.3793518145577500      63.4634287150603000             0.9152369809908940
0.1699999962002040      42.2890622579082000     5.0190476506982000      47.3081099086064000             0.8939072463390650
0.1799999959766870      30.9610230748228000     4.6614951772591400      35.6225182520820000             0.8691418965870900
0.1899999957531690      22.7673177311904000     4.3131259043181000      27.0804436355085000             0.8407291268056390
0.1999999955296520      16.7971106931724000     3.9783777201841900      20.7754884133566000             0.8085061760749510
0.2099999953061340      12.4198041240046000     3.6601477229115700      16.0799518469162000             0.7723781913181820
0.2199999950826170      9.1936590870447000      3.3601587334826400      12.5538178205273000             0.7323396928711000
0.2299999948590990      6.8059058849692400      3.0792529416690900      9.8851588266383300              0.6884973731154240
0.2399999946355820      5.0329271561264600      2.8176247597280600      7.8505519158545100              0.6410921435934030
0.2499999944120650      3.7134305124582500      2.5750034881087000      6.2884340005669500              0.5905175298211690
0.2599999941885470      2.7301471889623600      2.3507949696763700      5.0809421586387300              0.5373308933109000
0.2699999939650300      1.9972020660238500      2.1441900747295900      4.1413921407534400              0.4822537924796710
0.2799999937415120      1.4513036223986000      1.9542466388290100      3.4055502612276100              0.4261583330370360
0.2899999935179950      1.0455370310964000      1.7799503788750800      2.8254874099714800              0.3700377596469110
0.2999999932944770      0.7449506851729610      1.6202593437941100      2.3652100289670700              0.3149617480263660
0.3099999930709600      0.5233909772047870      1.4741356137165100      1.9975265909212900              0.2620195293437330
0.3199999928474430      0.3612142032890410      1.3405672406212900      1.7017814439103300              0.2122565177694310
0.3299999926239250      0.2436203186061480      1.2185828157336100      1.4622031343397600              0.1666118153386070
0.3399999924004080      0.1594312472108180      1.1072605438868400      1.2666917910976500              0.1258642775861550
0.3499999921768900      0.1001894778466170      1.0057332907638400      1.1059227686104600              0.0905935574258051
0.3599999919533730      0.0594890966916022      0.9131907332654520      0.9726798299570540              0.0611599982434392
0.3699999917298550      0.0324766521152344      0.8288794744429340      0.8613561265581680              0.0377040937120928
0.3799999915063380      0.0154768980265289      0.7521017715468550      0.7675786695733840              0.0201632726911639
0.3899999912828210      0.0057109068540476      0.6822133589703520      0.6879242658244000              0.0083016505417260
0.3999999910593030      0.0010828850413055      0.6186207186155400      0.6197036036568450              0.0017474241474721
0.4099999908357860      0.0000183523168282      0.5607780511387440      0.5607964034555720              0.0000327254538637
0.4199999906122680      0.0013409068561377      0.5081841264545560      0.5095250333106940              0.0026316800323332
0.4299999903887510      0.0041781070115241      0.4603791356839940      0.4645572426955190              0.0089937399044330
0.4399999901652340      0.0078894152607789      0.4169416252377700      0.4248310404985490              0.0185707128450889
0.4499999899417160      0.0120109230794880      0.3774855635557830      0.3894964866352710              0.0308370511458173
0.4599999897181990      0.0162128844108955      0.3416575694822620      0.3578704538931570              0.0453037802772505
0.4699999894946810      0.0202670568300548      0.3091343162105940      0.3294013730406490              0.0615269348848579
0.4799999892711640      0.0240215740007276      0.2796201145149140      0.3036416885156420              0.0791115808838948
0.4899999890476460      0.0273816159147030      0.2528446723045300      0.2802262882192340              0.0977125168687996
0.4999999888241290      0.0302945520291115      0.2285610234021310      0.2588555754312420              0.1170326425406990
